data,stato,codice_regione,denominazione_regione,lat,long,ricoverati_con_sintomi,terapia_intensiva,totale_ospedalizzati,isolamento_domiciliare,totale_positivi,variazione_totale_positivi,nuovi_positivi,dimessi_guariti,deceduti,totale_casi,tamponi,note_it,note_en,nuovi_deceduti,nuovi_guariti
2020-02-24T18:00:00,ITA,6,Friuli Venezia Giulia,45.6494354,13.76813649,0,0,0,0,0,0,0,0,0,0,58,,,0,0
2020-02-25T18:00:00,ITA,6,Friuli Venezia Giulia,45.6494354,13.76813649,0,0,0,0,0,0,0,0,0,0,89,,,0,0
2020-02-26T18:00:00,ITA,6,Friuli Venezia Giulia,45.6494354,13.76813649,0,0,0,0,0,0,0,0,0,0,114,,,0,0
2020-02-27T18:00:00,ITA,6,Friuli Venezia Giulia,45.6494354,13.76813649,0,0,0,0,0,0,0,0,0,0,141,,,0,0
2020-02-28T18:00:00,ITA,6,Friuli Venezia Giulia,45.6494354,13.76813649,0,0,0,0,0,0,0,0,0,0,169,,,0,0
2020-02-29T17:00:00,ITA,6,Friuli Venezia Giulia,45.6494354,13.76813649,0,0,0,0,0,0,0,0,0,0,189,,,0,0
2020-03-01T17:00:00,ITA,6,Friuli Venezia Giulia,45.6494354,13.76813649,0,0,0,6,6,6,6,0,0,6,243,,,0,0
2020-03-02T18:00:00,ITA,6,Friuli Venezia Giulia,45.6494354,13.76813649,0,0,0,9,9,3,3,0,0,9,269,,,0,0
2020-03-03T18:00:00,ITA,6,Friuli Venezia Giulia,45.6494354,13.76813649,1,0,1,12,13,4,4,0,0,13,354,,,0,0
2020-03-04T17:00:00,ITA,6,Friuli Venezia Giulia,45.6494354,13.76813649,3,0,3,15,18,5,5,0,0,18,376,,,0,0
2020-03-05T17:00:00,ITA,6,Friuli Venezia Giulia,45.6494354,13.76813649,4,0,4,17,21,3,3,0,0,21,397,,,0,0
2020-03-06T17:00:00,ITA,6,Friuli Venezia Giulia,45.6494354,13.76813649,4,0,4,24,28,7,10,3,0,31,577,,,0,3
2020-03-07T18:00:00,ITA,6,Friuli Venezia Giulia,45.6494354,13.76813649,7,1,8,31,39,11,11,3,0,42,577,,,0,0
2020-03-08T18:00:00,ITA,6,Friuli Venezia Giulia,45.6494354,13.76813649,7,1,8,45,53,14,15,3,1,57,997,,,1,0
2020-03-09T18:00:00,ITA,6,Friuli Venezia Giulia,45.6494354,13.76813649,18,1,19,70,89,36,36,3,1,93,1344,,,0,0
2020-03-10T18:00:00,ITA,6,Friuli Venezia Giulia,45.6494354,13.76813649,27,6,33,77,110,21,23,3,3,116,1602,,,2,0
2020-03-11T17:00:00,ITA,6,Friuli Venezia Giulia,45.6494354,13.76813649,16,5,21,89,110,0,10,10,6,126,2073,,,3,7
2020-03-12T17:00:00,ITA,6,Friuli Venezia Giulia,45.6494354,13.76813649,23,10,33,115,148,38,41,11,8,167,2604,,,2,1
2020-03-13T17:00:00,ITA,6,Friuli Venezia Giulia,45.6494354,13.76813649,59,8,67,169,236,88,90,11,10,257,3149,,,2,0
2020-03-14T17:00:00,ITA,6,Friuli Venezia Giulia,45.6494354,13.76813649,67,11,78,193,271,35,44,17,13,301,3376,,,3,6
2020-03-15T17:00:00,ITA,6,Friuli Venezia Giulia,45.6494354,13.76813649,98,12,110,206,316,45,46,17,14,347,3407,,,1,0
2020-03-16T17:00:00,ITA,6,Friuli Venezia Giulia,45.6494354,13.76813649,96,19,115,231,346,30,39,18,22,386,4851,,,8,1
2020-03-17T17:00:00,ITA,6,Friuli Venezia Giulia,45.6494354,13.76813649,104,21,125,222,347,1,8,17,30,394,4958,,,8,-1
2020-03-18T17:00:00,ITA,6,Friuli Venezia Giulia,45.6494354,13.76813649,128,27,155,261,416,69,68,15,31,462,4958,,,1,-2
2020-03-19T17:00:00,ITA,6,Friuli Venezia Giulia,45.6494354,13.76813649,134,29,163,359,522,106,137,41,36,599,4052,,,5,26
2020-03-20T17:00:00,ITA,6,Friuli Venezia Giulia,45.6494354,13.76813649,143,32,175,380,555,33,57,63,38,656,4964,,,2,22
2020-03-21T17:00:00,ITA,6,Friuli Venezia Giulia,45.6494354,13.76813649,152,37,189,477,666,111,134,82,42,790,5955,,,4,19
2020-03-22T17:00:00,ITA,6,Friuli Venezia Giulia,45.6494354,13.76813649,163,47,210,528,738,72,84,89,47,874,6761,,,5,7
2020-03-23T17:00:00,ITA,6,Friuli Venezia Giulia,45.6494354,13.76813649,185,41,226,545,771,33,56,105,54,930,7424,,,7,16
2020-03-24T17:00:00,ITA,6,Friuli Venezia Giulia,45.6494354,13.76813649,195,49,244,604,848,77,62,80,64,992,8526,,,10,-25
2020-03-25T17:00:00,ITA,6,Friuli Venezia Giulia,45.6494354,13.76813649,200,52,252,659,911,63,147,158,70,1139,9494,,,6,78
2020-03-26T17:00:00,ITA,6,Friuli Venezia Giulia,45.6494354,13.76813649,212,54,266,688,954,43,84,197,72,1223,10721,,,2,39
2020-03-27T17:00:00,ITA,6,Friuli Venezia Giulia,45.6494354,13.76813649,222,57,279,748,1027,73,94,214,76,1317,11841,,,4,17
2020-03-28T17:00:00,ITA,6,Friuli Venezia Giulia,45.6494354,13.76813649,223,59,282,838,1120,93,119,229,87,1436,12723,,,11,15
2020-03-29T17:00:00,ITA,6,Friuli Venezia Giulia,45.6494354,13.76813649,236,60,296,845,1141,21,44,241,98,1480,13397,,,11,12
2020-03-30T17:00:00,ITA,6,Friuli Venezia Giulia,45.6494354,13.76813649,229,60,289,820,1109,-32,21,285,107,1501,14003,,,9,44
2020-03-31T17:00:00,ITA,6,Friuli Venezia Giulia,45.6494354,13.76813649,215,60,275,885,1160,51,92,320,113,1593,14899,,,6,35
2020-04-01T17:00:00,ITA,6,Friuli Venezia Giulia,45.6494354,13.76813649,206,60,266,940,1206,46,92,357,122,1685,15987,,,9,37
2020-04-02T17:00:00,ITA,6,Friuli Venezia Giulia,45.6494354,13.76813649,199,60,259,1035,1294,88,114,376,129,1799,17121,,,7,19
2020-04-03T17:00:00,ITA,6,Friuli Venezia Giulia,45.6494354,13.76813649,201,61,262,1062,1324,30,80,419,136,1879,19985,,,7,43
2020-04-04T17:00:00,ITA,6,Friuli Venezia Giulia,45.6494354,13.76813649,183,50,233,1103,1336,12,107,505,145,1986,21126,,,9,86
2020-04-05T17:00:00,ITA,6,Friuli Venezia Giulia,45.6494354,13.76813649,185,50,235,1128,1363,27,62,531,154,2048,21652,,,9,26
2020-04-06T17:00:00,ITA,6,Friuli Venezia Giulia,45.6494354,13.76813649,189,46,235,1161,1396,33,55,549,158,2103,22272,,,4,18
2020-04-07T17:00:00,ITA,6,Friuli Venezia Giulia,45.6494354,13.76813649,185,44,229,1150,1379,-17,50,610,164,2153,23536,,,6,61
2020-04-08T17:00:00,ITA,6,Friuli Venezia Giulia,45.6494354,13.76813649,162,41,203,1212,1415,36,65,634,169,2218,24798,,,5,24
2020-04-09T17:00:00,ITA,6,Friuli Venezia Giulia,45.6494354,13.76813649,167,37,204,1186,1390,-25,81,738,171,2299,26205,,,2,104
2020-04-10T17:00:00,ITA,6,Friuli Venezia Giulia,45.6494354,13.76813649,167,33,200,1198,1398,8,50,772,179,2349,28097,,,8,34
2020-04-11T17:00:00,ITA,6,Friuli Venezia Giulia,45.6494354,13.76813649,172,28,200,1182,1382,-16,44,826,185,2393,29685,,,6,54
2020-04-12T17:00:00,ITA,6,Friuli Venezia Giulia,45.6494354,13.76813649,160,28,188,1138,1326,-56,38,910,195,2431,29988,,,10,84
2020-04-13T17:00:00,ITA,6,Friuli Venezia Giulia,45.6494354,13.76813649,159,30,189,1118,1307,-19,51,973,202,2482,30941,,,7,63
2020-04-14T17:00:00,ITA,6,Friuli Venezia Giulia,45.6494354,13.76813649,166,28,194,705,899,-408,38,1415,206,2520,31764,,,4,442
2020-04-15T17:00:00,ITA,6,Friuli Venezia Giulia,45.6494354,13.76813649,163,24,187,1207,1394,495,24,938,212,2544,33800,dc-IT-0004,dc-EN-0004,6,-477
2020-04-16T17:00:00,ITA,6,Friuli Venezia Giulia,45.6494354,13.76813649,159,26,185,1145,1330,-64,72,1069,217,2616,35766,,,5,131
