data,stato,codice_regione,denominazione_regione,lat,long,ricoverati_con_sintomi,terapia_intensiva,totale_ospedalizzati,isolamento_domiciliare,totale_positivi,variazione_totale_positivi,nuovi_positivi,dimessi_guariti,deceduti,totale_casi,tamponi,note_it,note_en,nuovi_deceduti,nuovi_guariti
2020-02-24T18:00:00,ITA,4,P.A. Bolzano,46.49933453,11.35662422,0,0,0,0,0,0,0,0,0,0,1,,,0,0
2020-02-25T18:00:00,ITA,4,P.A. Bolzano,46.49933453,11.35662422,1,0,1,0,1,1,1,0,0,1,1,,,0,0
2020-02-26T18:00:00,ITA,4,P.A. Bolzano,46.49933453,11.35662422,1,0,1,0,1,0,0,0,0,1,1,,,0,0
2020-02-27T18:00:00,ITA,4,P.A. Bolzano,46.49933453,11.35662422,1,0,1,0,1,0,0,0,0,1,2,,,0,0
2020-02-28T18:00:00,ITA,4,P.A. Bolzano,46.49933453,11.35662422,1,0,1,0,1,0,0,0,0,1,2,,,0,0
2020-02-29T17:00:00,ITA,4,P.A. Bolzano,46.49933453,11.35662422,1,0,1,0,1,0,0,0,0,1,16,,,0,0
2020-03-01T17:00:00,ITA,4,P.A. Bolzano,46.49933453,11.35662422,1,0,1,0,1,0,0,0,0,1,20,,,0,0
2020-03-02T18:00:00,ITA,4,P.A. Bolzano,46.49933453,11.35662422,1,0,1,0,1,0,0,0,0,1,20,,,0,0
2020-03-03T18:00:00,ITA,4,P.A. Bolzano,46.49933453,11.35662422,1,0,1,0,1,0,0,0,0,1,20,,,0,0
2020-03-04T17:00:00,ITA,4,P.A. Bolzano,46.49933453,11.35662422,1,0,1,0,1,0,0,0,0,1,20,,,0,0
2020-03-05T17:00:00,ITA,4,P.A. Bolzano,46.49933453,11.35662422,1,0,1,0,1,0,0,0,0,1,20,,,0,0
2020-03-06T17:00:00,ITA,4,P.A. Bolzano,46.49933453,11.35662422,4,0,4,0,4,3,3,0,0,4,36,,,0,0
2020-03-07T18:00:00,ITA,4,P.A. Bolzano,46.49933453,11.35662422,8,0,8,1,9,5,5,0,0,9,36,,,0,0
2020-03-08T18:00:00,ITA,4,P.A. Bolzano,46.49933453,11.35662422,8,0,8,1,9,0,0,0,0,9,36,,,0,0
2020-03-09T18:00:00,ITA,4,P.A. Bolzano,46.49933453,11.35662422,8,0,8,1,9,0,0,0,0,9,36,,,0,0
2020-03-10T18:00:00,ITA,4,P.A. Bolzano,46.49933453,11.35662422,17,1,18,20,38,29,29,0,0,38,36,,,0,0
2020-03-11T17:00:00,ITA,4,P.A. Bolzano,46.49933453,11.35662422,8,4,12,63,75,37,37,0,0,75,75,,,0,0
2020-03-12T17:00:00,ITA,4,P.A. Bolzano,46.49933453,11.35662422,21,4,25,78,103,28,29,0,1,104,607,,,1,0
2020-03-13T17:00:00,ITA,4,P.A. Bolzano,46.49933453,11.35662422,20,5,25,98,123,20,21,0,2,125,811,,,1,0
2020-03-14T17:00:00,ITA,4,P.A. Bolzano,46.49933453,11.35662422,26,7,33,137,170,47,48,0,3,173,1135,,,1,0
2020-03-15T17:00:00,ITA,4,P.A. Bolzano,46.49933453,11.35662422,50,4,54,145,199,29,31,0,5,204,1497,,,2,0
2020-03-16T17:00:00,ITA,4,P.A. Bolzano,46.49933453,11.35662422,53,11,64,171,235,36,37,0,6,241,1740,,,1,0
2020-03-17T17:00:00,ITA,4,P.A. Bolzano,46.49933453,11.35662422,71,11,82,200,282,47,50,1,8,291,2149,,,2,1
2020-03-18T17:00:00,ITA,4,P.A. Bolzano,46.49933453,11.35662422,79,18,97,269,366,84,85,1,9,376,2844,,,1,0
2020-03-19T17:00:00,ITA,4,P.A. Bolzano,46.49933453,11.35662422,87,18,105,316,421,55,60,1,14,436,3568,,,5,0
2020-03-20T17:00:00,ITA,4,P.A. Bolzano,46.49933453,11.35662422,99,24,123,407,530,109,112,1,17,548,4433,,,3,0
2020-03-21T17:00:00,ITA,4,P.A. Bolzano,46.49933453,11.35662422,127,30,157,443,600,70,73,1,20,621,5179,,,3,0
2020-03-22T17:00:00,ITA,4,P.A. Bolzano,46.49933453,11.35662422,146,32,178,470,648,48,57,7,23,678,5718,,,3,6
2020-03-23T17:00:00,ITA,4,P.A. Bolzano,46.49933453,11.35662422,145,33,178,510,688,40,46,7,29,724,6084,,,6,0
2020-03-24T17:00:00,ITA,4,P.A. Bolzano,46.49933453,11.35662422,166,38,204,495,699,11,57,44,38,781,6509,,,9,37
2020-03-25T17:00:00,ITA,4,P.A. Bolzano,46.49933453,11.35662422,190,40,230,518,748,49,77,67,43,858,6649,,,5,23
2020-03-26T17:00:00,ITA,4,P.A. Bolzano,46.49933453,11.35662422,223,43,266,525,791,43,48,67,48,906,7744,,,5,0
2020-03-27T17:00:00,ITA,4,P.A. Bolzano,46.49933453,11.35662422,249,45,294,539,833,42,97,110,60,1003,8520,,,12,43
2020-03-28T17:00:00,ITA,4,P.A. Bolzano,46.49933453,11.35662422,225,51,276,653,929,96,106,116,64,1109,9168,,,4,6
2020-03-29T17:00:00,ITA,4,P.A. Bolzano,46.49933453,11.35662422,234,56,290,744,1034,105,105,116,64,1214,10137,,,0,0
2020-03-30T17:00:00,ITA,4,P.A. Bolzano,46.49933453,11.35662422,231,62,293,805,1098,64,111,153,74,1325,10640,,,10,37
2020-03-31T17:00:00,ITA,4,P.A. Bolzano,46.49933453,11.35662422,249,62,311,831,1142,44,46,153,76,1371,11275,,,2,0
2020-04-01T17:00:00,ITA,4,P.A. Bolzano,46.49933453,11.35662422,269,57,326,786,1112,-30,47,190,116,1418,11951,,,40,37
2020-04-02T17:00:00,ITA,4,P.A. Bolzano,46.49933453,11.35662422,279,60,339,821,1160,48,61,190,129,1479,12677,,,13,0
2020-04-03T17:00:00,ITA,4,P.A. Bolzano,46.49933453,11.35662422,291,60,351,858,1209,49,80,211,139,1559,13976,,,10,21
2020-04-04T17:00:00,ITA,4,P.A. Bolzano,46.49933453,11.35662422,291,61,352,849,1201,-8,33,245,146,1592,15045,,,7,34
2020-04-05T17:00:00,ITA,4,P.A. Bolzano,46.49933453,11.35662422,239,53,292,934,1226,25,52,260,158,1644,15723,,,12,15
2020-04-06T17:00:00,ITA,4,P.A. Bolzano,46.49933453,11.35662422,245,52,297,963,1260,34,78,298,164,1722,16825,,,6,38
2020-04-07T17:00:00,ITA,4,P.A. Bolzano,46.49933453,11.35662422,325,64,389,912,1301,41,89,336,174,1811,17761,,,10,38
2020-04-08T17:00:00,ITA,4,P.A. Bolzano,46.49933453,11.35662422,268,65,333,948,1281,-20,24,371,183,1835,18865,,,9,35
2020-04-09T17:00:00,ITA,4,P.A. Bolzano,46.49933453,11.35662422,263,64,327,988,1315,34,68,401,187,1903,19875,,,4,30
2020-04-10T17:00:00,ITA,4,P.A. Bolzano,46.49933453,11.35662422,258,58,316,1001,1317,2,52,447,191,1955,20866,,,4,46
2020-04-11T17:00:00,ITA,4,P.A. Bolzano,46.49933453,11.35662422,246,56,302,967,1269,-48,2,488,200,1957,22186,,,9,41
2020-04-12T17:00:00,ITA,4,P.A. Bolzano,46.49933453,11.35662422,183,45,228,1287,1515,246,141,378,205,2098,23246,dc-IT-0002,dc-EN-0002,5,-110
2020-04-13T17:00:00,ITA,4,P.A. Bolzano,46.49933453,11.35662422,190,41,231,1306,1537,22,51,400,212,2149,24157,,,7,22
2020-04-14T17:00:00,ITA,4,P.A. Bolzano,46.49933453,11.35662422,177,39,216,1348,1564,27,35,406,214,2184,24457,,,2,6
2020-04-15T17:00:00,ITA,4,P.A. Bolzano,46.49933453,11.35662422,166,32,198,1378,1576,12,40,425,223,2224,25370,,,9,19
2020-04-16T17:00:00,ITA,4,P.A. Bolzano,46.49933453,11.35662422,180,34,214,1379,1593,17,43,449,225,2267,26416,,,2,24
