data,stato,codice_regione,denominazione_regione,lat,long,ricoverati_con_sintomi,terapia_intensiva,totale_ospedalizzati,isolamento_domiciliare,totale_positivi,variazione_totale_positivi,nuovi_positivi,dimessi_guariti,deceduti,totale_casi,tamponi,note_it,note_en,nuovi_deceduti,nuovi_guariti
2020-02-24T18:00:00,ITA,19,Sicilia,38.11569725,13.362356699999998,0,0,0,0,0,0,0,0,0,0,5,,,0,0
2020-02-25T18:00:00,ITA,19,Sicilia,38.11569725,13.362356699999998,1,0,1,2,3,3,3,0,0,3,5,,,0,0
2020-02-26T18:00:00,ITA,19,Sicilia,38.11569725,13.362356699999998,1,0,1,2,3,0,0,0,0,3,5,,,0,0
2020-02-27T18:00:00,ITA,19,Sicilia,38.11569725,13.362356699999998,1,0,1,1,2,-1,1,2,0,4,5,,,0,2
2020-02-28T18:00:00,ITA,19,Sicilia,38.11569725,13.362356699999998,1,0,1,1,2,0,0,2,0,4,5,,,0,0
2020-02-29T17:00:00,ITA,19,Sicilia,38.11569725,13.362356699999998,1,0,1,1,2,0,0,2,0,4,6,,,0,0
2020-03-01T17:00:00,ITA,19,Sicilia,38.11569725,13.362356699999998,1,0,1,6,7,5,5,2,0,9,291,,,0,0
2020-03-02T18:00:00,ITA,19,Sicilia,38.11569725,13.362356699999998,2,0,2,3,5,-2,-2,2,0,7,307,,,0,0
2020-03-03T18:00:00,ITA,19,Sicilia,38.11569725,13.362356699999998,2,0,2,3,5,0,0,2,0,7,307,,,0,0
2020-03-04T17:00:00,ITA,19,Sicilia,38.11569725,13.362356699999998,5,0,5,11,16,11,11,2,0,18,367,,,0,0
2020-03-05T17:00:00,ITA,19,Sicilia,38.11569725,13.362356699999998,5,0,5,11,16,0,0,2,0,18,367,,,0,0
2020-03-06T17:00:00,ITA,19,Sicilia,38.11569725,13.362356699999998,7,0,7,15,22,6,6,2,0,24,367,,,0,0
2020-03-07T18:00:00,ITA,19,Sicilia,38.11569725,13.362356699999998,8,0,8,25,33,11,11,2,0,35,643,,,0,0
2020-03-08T18:00:00,ITA,19,Sicilia,38.11569725,13.362356699999998,18,0,18,33,51,18,18,2,0,53,791,,,0,0
2020-03-09T18:00:00,ITA,19,Sicilia,38.11569725,13.362356699999998,19,0,19,33,52,1,1,2,0,54,836,,,0,0
2020-03-10T18:00:00,ITA,19,Sicilia,38.11569725,13.362356699999998,17,2,19,41,60,8,8,2,0,62,955,,,0,0
2020-03-11T17:00:00,ITA,19,Sicilia,38.11569725,13.362356699999998,23,1,24,57,81,21,21,2,0,83,1194,,,0,0
2020-03-12T17:00:00,ITA,19,Sicilia,38.11569725,13.362356699999998,28,5,33,78,111,30,32,2,2,115,1477,,,2,0
2020-03-13T17:00:00,ITA,19,Sicilia,38.11569725,13.362356699999998,37,7,44,82,126,15,15,2,2,130,1950,,,0,0
2020-03-14T17:00:00,ITA,19,Sicilia,38.11569725,13.362356699999998,42,11,53,97,150,24,26,4,2,156,2100,,,0,2
2020-03-15T17:00:00,ITA,19,Sicilia,38.11569725,13.362356699999998,56,15,71,108,179,29,32,7,2,188,2452,,,0,3
2020-03-16T17:00:00,ITA,19,Sicilia,38.11569725,13.362356699999998,75,20,95,108,203,24,25,8,2,213,2653,,,0,1
2020-03-17T17:00:00,ITA,19,Sicilia,38.11569725,13.362356699999998,86,28,114,112,226,23,24,8,3,237,2916,,,1,0
2020-03-18T17:00:00,ITA,19,Sicilia,38.11569725,13.362356699999998,100,29,129,138,267,41,45,12,3,282,3294,,,0,4
2020-03-19T17:00:00,ITA,19,Sicilia,38.11569725,13.362356699999998,143,36,179,142,321,54,58,15,4,340,3961,,,1,3
2020-03-20T17:00:00,ITA,19,Sicilia,38.11569725,13.362356699999998,168,42,210,169,379,58,68,25,4,408,4468,,,0,10
2020-03-21T17:00:00,ITA,19,Sicilia,38.11569725,13.362356699999998,206,48,254,204,458,79,82,26,6,490,4883,,,2,1
2020-03-22T17:00:00,ITA,19,Sicilia,38.11569725,13.362356699999998,220,55,275,321,596,138,140,26,8,630,5580,,,2,0
2020-03-23T17:00:00,ITA,19,Sicilia,38.11569725,13.362356699999998,250,60,310,371,681,85,91,27,13,721,6375,,,5,1
2020-03-24T17:00:00,ITA,19,Sicilia,38.11569725,13.362356699999998,250,60,310,489,799,118,125,27,20,846,7170,,,7,0
2020-03-25T17:00:00,ITA,19,Sicilia,38.11569725,13.362356699999998,259,80,339,597,936,137,148,33,25,994,8312,,,5,6
2020-03-26T17:00:00,ITA,19,Sicilia,38.11569725,13.362356699999998,346,68,414,681,1095,159,170,36,33,1164,9658,,,8,3
2020-03-27T17:00:00,ITA,19,Sicilia,38.11569725,13.362356699999998,425,75,500,658,1158,63,86,53,39,1250,11079,,,6,17
2020-03-28T17:00:00,ITA,19,Sicilia,38.11569725,13.362356699999998,441,71,512,730,1242,84,109,60,57,1359,13096,,,18,7
2020-03-29T17:00:00,ITA,19,Sicilia,38.11569725,13.362356699999998,451,71,522,808,1330,88,101,65,65,1460,13814,,,8,5
2020-03-30T17:00:00,ITA,19,Sicilia,38.11569725,13.362356699999998,484,75,559,849,1408,78,95,71,76,1555,14758,,,11,6
2020-03-31T17:00:00,ITA,19,Sicilia,38.11569725,13.362356699999998,503,72,575,917,1492,84,92,74,81,1647,15634,,,5,3
2020-04-01T17:00:00,ITA,19,Sicilia,38.11569725,13.362356699999998,496,72,568,976,1544,52,71,86,88,1718,16836,,,7,12
2020-04-02T17:00:00,ITA,19,Sicilia,38.11569725,13.362356699999998,503,73,576,1030,1606,62,73,92,93,1791,17833,,,5,6
2020-04-03T17:00:00,ITA,19,Sicilia,38.11569725,13.362356699999998,535,73,608,1056,1664,58,68,94,101,1859,18686,,,8,2
2020-04-04T17:00:00,ITA,19,Sicilia,38.11569725,13.362356699999998,553,74,627,1099,1726,62,73,95,111,1932,19896,,,10,1
2020-04-05T17:00:00,ITA,19,Sicilia,38.11569725,13.362356699999998,556,76,632,1142,1774,48,62,104,116,1994,21904,,,5,9
2020-04-06T17:00:00,ITA,19,Sicilia,38.11569725,13.362356699999998,563,74,637,1178,1815,41,52,108,123,2046,23464,,,7,4
2020-04-07T17:00:00,ITA,19,Sicilia,38.11569725,13.362356699999998,562,73,635,1224,1859,44,51,113,125,2097,24857,,,2,5
2020-04-08T17:00:00,ITA,19,Sicilia,38.11569725,13.362356699999998,563,65,628,1265,1893,34,62,133,133,2159,27438,,,8,20
2020-04-09T17:00:00,ITA,19,Sicilia,38.11569725,13.362356699999998,566,63,629,1313,1942,49,73,152,138,2232,28742,,,5,19
2020-04-10T17:00:00,ITA,19,Sicilia,38.11569725,13.362356699999998,568,62,630,1337,1967,25,70,187,148,2302,31156,,,10,35
2020-04-11T17:00:00,ITA,19,Sicilia,38.11569725,13.362356699999998,562,58,620,1381,2001,34,62,209,154,2364,33787,,,6,22
2020-04-12T17:00:00,ITA,19,Sicilia,38.11569725,13.362356699999998,552,53,605,1425,2030,29,52,223,163,2416,36098,,,9,14
2020-04-13T17:00:00,ITA,19,Sicilia,38.11569725,13.362356699999998,554,51,605,1445,2050,20,42,237,171,2458,37311,,,8,14
2020-04-14T17:00:00,ITA,19,Sicilia,38.11569725,13.362356699999998,552,53,605,1466,2071,21,43,255,175,2501,37877,,,4,18
2020-04-15T17:00:00,ITA,19,Sicilia,38.11569725,13.362356699999998,541,49,590,1491,2081,10,34,273,181,2535,39867,,,6,18
2020-04-16T17:00:00,ITA,19,Sicilia,38.11569725,13.362356699999998,525,48,573,1535,2108,27,44,284,187,2579,42405,,,6,11
