data,stato,codice_regione,denominazione_regione,lat,long,ricoverati_con_sintomi,terapia_intensiva,totale_ospedalizzati,isolamento_domiciliare,totale_positivi,variazione_totale_positivi,nuovi_positivi,dimessi_guariti,deceduti,totale_casi,tamponi,note_it,note_en,nuovi_deceduti,nuovi_guariti
2020-02-24T18:00:00,ITA,9,Toscana,43.76923077,11.25588885,0,0,0,0,0,0,0,0,0,0,140,,,0,0
2020-02-25T18:00:00,ITA,9,Toscana,43.76923077,11.25588885,2,0,2,0,2,2,2,0,0,2,296,,,0,0
2020-02-26T18:00:00,ITA,9,Toscana,43.76923077,11.25588885,2,0,2,0,2,0,0,0,0,2,363,,,0,0
2020-02-27T18:00:00,ITA,9,Toscana,43.76923077,11.25588885,2,0,2,0,2,0,0,0,0,2,410,,,0,0
2020-02-28T18:00:00,ITA,9,Toscana,43.76923077,11.25588885,5,0,5,2,7,5,6,1,0,8,437,,,0,1
2020-02-29T17:00:00,ITA,9,Toscana,43.76923077,11.25588885,7,0,7,3,10,3,3,1,0,11,531,,,0,0
2020-03-01T17:00:00,ITA,9,Toscana,43.76923077,11.25588885,7,0,7,5,12,2,2,1,0,13,572,,,0,0
2020-03-02T18:00:00,ITA,9,Toscana,43.76923077,11.25588885,7,0,7,5,12,0,0,1,0,13,613,,,0,0
2020-03-03T18:00:00,ITA,9,Toscana,43.76923077,11.25588885,10,0,10,8,18,6,6,1,0,19,697,,,0,0
2020-03-04T17:00:00,ITA,9,Toscana,43.76923077,11.25588885,15,2,17,20,37,19,19,1,0,38,776,,,0,0
2020-03-05T17:00:00,ITA,9,Toscana,43.76923077,11.25588885,26,3,29,31,60,23,23,1,0,61,776,,,0,0
2020-03-06T17:00:00,ITA,9,Toscana,43.76923077,11.25588885,35,5,40,38,78,18,18,1,0,79,1097,,,0,0
2020-03-07T18:00:00,ITA,9,Toscana,43.76923077,11.25588885,54,7,61,51,112,34,34,1,0,113,1331,,,0,0
2020-03-08T18:00:00,ITA,9,Toscana,43.76923077,11.25588885,91,7,98,67,165,53,53,1,0,166,1618,,,0,0
2020-03-09T18:00:00,ITA,9,Toscana,43.76923077,11.25588885,107,9,116,90,206,41,42,1,1,208,2018,,,1,0
2020-03-10T18:00:00,ITA,9,Toscana,43.76923077,11.25588885,91,40,131,129,260,54,56,3,1,264,2573,,,0,2
2020-03-11T17:00:00,ITA,9,Toscana,43.76923077,11.25588885,87,54,141,173,314,54,56,5,1,320,2804,,,0,2
2020-03-12T17:00:00,ITA,9,Toscana,43.76923077,11.25588885,100,59,159,193,352,38,44,7,5,364,3165,,,4,2
2020-03-13T17:00:00,ITA,9,Toscana,43.76923077,11.25588885,134,77,211,244,455,103,106,10,5,470,4049,,,0,3
2020-03-14T17:00:00,ITA,9,Toscana,43.76923077,11.25588885,160,87,247,367,614,159,160,10,6,630,4595,,,1,0
2020-03-15T17:00:00,ITA,9,Toscana,43.76923077,11.25588885,175,107,282,481,763,149,151,10,8,781,5132,,,2,0
2020-03-16T17:00:00,ITA,9,Toscana,43.76923077,11.25588885,175,107,282,559,841,78,85,11,14,866,5910,,,6,1
2020-03-17T17:00:00,ITA,9,Toscana,43.76923077,11.25588885,329,143,472,552,1024,183,187,12,17,1053,6727,,,3,1
2020-03-18T17:00:00,ITA,9,Toscana,43.76923077,11.25588885,427,160,587,704,1291,267,277,17,22,1330,7606,,,5,5
2020-03-19T17:00:00,ITA,9,Toscana,43.76923077,11.25588885,501,178,679,743,1422,131,152,22,38,1482,8873,,,16,5
2020-03-20T17:00:00,ITA,9,Toscana,43.76923077,11.25588885,601,189,790,923,1713,291,311,33,47,1793,10405,,,9,11
2020-03-21T17:00:00,ITA,9,Toscana,43.76923077,11.25588885,664,202,866,1039,1905,192,219,35,72,2012,11909,,,25,2
2020-03-22T17:00:00,ITA,9,Toscana,43.76923077,11.25588885,706,215,921,1223,2144,239,265,42,91,2277,13264,,,19,7
2020-03-23T17:00:00,ITA,9,Toscana,43.76923077,11.25588885,838,238,1076,1225,2301,157,184,51,109,2461,13851,,,18,9
2020-03-24T17:00:00,ITA,9,Toscana,43.76923077,11.25588885,918,244,1162,1357,2519,218,238,51,129,2699,15701,,,20,0
2020-03-25T17:00:00,ITA,9,Toscana,43.76923077,11.25588885,999,251,1250,1526,2776,257,273,54,142,2972,17868,,,13,3
2020-03-26T17:00:00,ITA,9,Toscana,43.76923077,11.25588885,1037,259,1296,1677,2973,197,254,95,158,3226,20952,,,16,41
2020-03-27T17:00:00,ITA,9,Toscana,43.76923077,11.25588885,1053,274,1327,1843,3170,197,224,103,177,3450,23746,,,19,8
2020-03-28T17:00:00,ITA,9,Toscana,43.76923077,11.25588885,1093,277,1370,2141,3511,341,367,108,198,3817,25613,,,21,5
2020-03-29T17:00:00,ITA,9,Toscana,43.76923077,11.25588885,1111,275,1386,2400,3786,275,305,121,215,4122,27579,,,17,13
2020-03-30T17:00:00,ITA,9,Toscana,43.76923077,11.25588885,1116,279,1395,2655,4050,264,290,131,231,4412,30099,,,16,10
2020-03-31T17:00:00,ITA,9,Toscana,43.76923077,11.25588885,1120,293,1413,2813,4226,176,196,138,244,4608,33165,,,13,7
2020-04-01T17:00:00,ITA,9,Toscana,43.76923077,11.25588885,1120,297,1417,3015,4432,206,259,182,253,4867,36575,,,9,44
2020-04-02T17:00:00,ITA,9,Toscana,43.76923077,11.25588885,1135,295,1430,3359,4789,357,406,216,268,5273,40724,,,15,34
2020-04-03T17:00:00,ITA,9,Toscana,43.76923077,11.25588885,1149,288,1437,3472,4909,120,226,300,290,5499,44460,,,22,84
2020-04-04T17:00:00,ITA,9,Toscana,43.76923077,11.25588885,1129,286,1415,3639,5054,145,172,310,307,5671,47886,,,17,10
2020-04-05T17:00:00,ITA,9,Toscana,43.76923077,11.25588885,1111,276,1387,3798,5185,131,176,337,325,5847,51006,,,18,27
2020-04-06T17:00:00,ITA,9,Toscana,43.76923077,11.25588885,1116,279,1395,3906,5301,116,154,350,350,6001,52849,,,25,13
2020-04-07T17:00:00,ITA,9,Toscana,43.76923077,11.25588885,1087,263,1350,4077,5427,126,172,377,369,6173,56651,,,19,27
2020-04-08T17:00:00,ITA,9,Toscana,43.76923077,11.25588885,1066,260,1326,4231,5557,130,206,430,392,6379,60985,,,23,53
2020-04-09T17:00:00,ITA,9,Toscana,43.76923077,11.25588885,1038,256,1294,4409,5703,146,173,441,408,6552,65461,,,16,11
2020-04-10T17:00:00,ITA,9,Toscana,43.76923077,11.25588885,1011,256,1267,4555,5822,119,175,451,454,6727,72001,,,46,10
2020-04-11T17:00:00,ITA,9,Toscana,43.76923077,11.25588885,997,237,1234,4758,5992,170,231,499,467,6958,75756,,,13,48
2020-04-12T17:00:00,ITA,9,Toscana,43.76923077,11.25588885,983,238,1221,4941,6162,170,277,578,495,7235,78640,,,28,79
2020-04-13T17:00:00,ITA,9,Toscana,43.76923077,11.25588885,992,225,1217,5040,6257,95,155,615,518,7390,80889,,,23,37
2020-04-14T17:00:00,ITA,9,Toscana,43.76923077,11.25588885,1002,225,1227,5125,6352,95,137,637,538,7527,82269,,,20,22
2020-04-15T17:00:00,ITA,9,Toscana,43.76923077,11.25588885,977,216,1193,5224,6417,65,139,693,556,7666,86348,,,18,56
2020-04-16T17:00:00,ITA,9,Toscana,43.76923077,11.25588885,940,213,1153,5460,6613,196,277,745,585,7943,91651,,,29,52
